0,555
515,52
515,51
515,50
515,49
515,48
515,47
515,46
515,45
515,44
515,43
515,42
515,41
515,40
515,39
515,38
515,37
515,36
515,35
0,554
0,553
0,552
0,551
0,550
227,7
0,421
227,6
0,419
0,549
227,5
227,4
10,24
481,4
481,1
10,189
479,3
479,1
10,119
474,3
474,1
10,265
445,3
445,1
443,4
10,263
443,3
443,1
441,4
10,109
441,3
441,1
437,4
437,3
10,144
437,1
435,4
435,3
11,10
435,1
425,5
11,18
11,12
425,3
425,1
395,6
395,1
389,5
8,2
389,3
8,3
389,1
177,5
177,1
170,3
170,1
124,3
124,1
106,3
106,1
90,3
90,1
85,3
85,1
26,5
26,4
26,3
26,1
25,3
25,1
20,3
20,2
20,1
19,3
19,2
19,1
14,15
14,12
12,3
12,2
12,1
11,30
11,29
11,28
11,27
11,26
11,25
11,24
11,23
11,22
11,21
11,20
11,17
11,16
11,15
11,11
11,5
11,4
11,3
11,2
11,1
10,314
10,313
10,312
10,311
10,310
10,309
10,308
10,307
10,306
10,305
10,304
10,303
10,302
10,301
10,300
10,299
18,1
10,298
10,297
10,296
10,295
10,294
10,293
10,292
10,291
10,290
10,289
18,3
14,1
10,288
10,287
10,286
10,285
10,284
10,283
10,282
10,281
10,280
10,279
10,278
10,277
14,6
10,276
10,275
14,3
10,274
13,1
10,273
13,3
10,258
10,238
10,217
10,157
10,113
10,105
10,99
10,98
2,2
10,97
2,1
10,85
2,3
10,75
10,67
10,29
10,3
10,2
10,1
9,7
9,5
9,3
9,2
9,1
8,18
8,17
8,16
8,11
8,9
